% Exerc[icio 2a
k = (1/4);
ex1 = exp(-1);
ex2 = exp(-2);
ex3 = exp(-3);
ex4 = exp(-4);

M = [0 k*ex3 k*ex2 k*ex4 k*ex1;
    k k*(3-ex1-ex2-ex3) k k*ex1 k;
    k k*ex1 k*(2-ex1-ex2) k*ex2 k;
    k k k k*(4-ex1-ex2-ex3-ex4) k;
    k k*ex2 k*ex1 k*ex3 k*(1-ex1)];

%{
M =

         0    0.0124    0.0338    0.0046    0.0920
    0.2500    0.6117    0.2500    0.0920    0.2500
    0.2500    0.0920    0.3742    0.0338    0.2500
    0.2500    0.2500    0.2500    0.8572    0.2500
    0.2500    0.0338    0.0920    0.0124    0.1580
 
%}
    